    id  order_id group  age
0    0        22     x   43
1    1        23     y   42
2    2        26     x   38
3    3        20     x   32
4    4        22     y   47
5    5        20     z   40
6    6        24     y   31
7    7        28     z   31
8    8        27     y   22
9    9        20     z   30
10  10        27     x   24
11  11        23     x   28
12  12        20     x   24
13  13        17     x   41
14  14        19     x   42
15  15        15     z   17
16  16        19     z   46
17  17        29     x   42
18  18        28     x   47
19  19        22     y   18
##############################
   id  order_id group  age
0   0        22     x   43
1   1        23     y   42
2   2        26     x   38
3   3        20     x   32
4   4        22     y   47
5   5        20     z   40
6   6        24     y   31
7   7        28     z   31
8   8        27     y   22
9   9        20     z   30
##############################
0     43
1     42
2     38
3     32
4     47
5     40
6     31
7     31
8     22
9     30
10    24
11    28
12    24
13    41
14    42
15    17
16    46
17    42
18    47
19    18
Name: age, dtype: int32
##############################
20
##############################
    id  order_id group  age
0    0        22     x   43
1    1        23     y   42
2    2        26     x   38
3    3        20     x   32
4    4        22     y   47
5    5        20     z   40
6    6        24     y   31
7    7        28     z   31
13  13        17     x   41
14  14        19     x   42
16  16        19     z   46
17  17        29     x   42
18  18        28     x   47
##############################
    order_id
id          
0          1
1          1
2          1
3          1
4          1
5          1
6          1
7          1
8          1
9          1
10         1
11         1
12         1
13         1
14         1
15         1
16         1
17         1
18         1
19         1
##############################
   id  order_id group_x  age group_y  salary
0   0        22       x   43       x       9
1   1        23       y   42       z      43
2   2        26       x   38       y      41
3   3        20       x   32       x      45
4   4        22       y   47       x      25
5   5        20       z   40       x      34
6   6        24       y   31       y      33
7   7        28       z   31       z      45
8   8        27       y   22       y      46
9   9        20       z   30       z       9
##############################
   id  order_id group  age  salary
0   0        22     x   43       9
1   3        20     x   32      45
2   6        24     y   31      33
3   7        28     z   31      45
4   8        27     y   22      46
5   9        20     z   30       9
##############################
    id  order_id group  age
0    0        22     x   43
1    1        23     y   42
2    2        26     x   38
3    3        20     x   32
4    4        22     y   47
5    5        20     z   40
6    6        24     y   31
7    7        28     z   31
8    8        27     y   22
9    9        20     z   30
11  11        23     x   28
12  12        20     x   24
13  13        17     x   41
14  14        19     x   42
15  15        15     z   17
16  16        19     z   46
17  17        29     x   42
18  18        28     x   47
19  19        22     y   18
##############################
    id  order_id group
0    0        22     x
1    1        23     y
2    2        26     x
3    3        20     x
4    4        22     y
5    5        20     z
6    6        24     y
7    7        28     z
8    8        27     y
9    9        20     z
10  10        27     x
11  11        23     x
12  12        20     x
13  13        17     x
14  14        19     x
15  15        15     z
16  16        19     z
17  17        29     x
18  18        28     x
19  19        22     y
##############################
